	ST.00011458_t1	ST.00011458_t2
DAS28	1.78595	2.03795
LPC[FA16:0]	76.8461	75.9949
LPC[FA18:0]	32.6842	36.1521
LPE[FA16:0]	0.9676	0.959
DAG[FA20:0]	0.1803	0.0786
MAG[FA18:0]	0.7637	1.4128
LPC	144.4833	139.1114
MAG	2.063	2.5137
DAG(14:0/20:4)	0.0201	0.0166
TAG54:5FA18:3	17.8213	9.2994
TAG54:0FA16:0	0.19	0.1049
LPC(18:0)	32.6842	36.1521
MAG(18:0)	0.7637	1.4128
LPC(16:0)	76.8461	75.9949
DAG(14:0/20:0)	0.0715	0.0786
PC(18:0/20:3)	26.1714	33.2683
LPE(16:0)	0.9676	0.959
