	ST.00714687_t1	ST.00714687_t2
DAS28	5.09591	3.76766
LPC[FA16:0]	47.7494	57.1451
LPC[FA18:0]	20.5638	22.9182
LPE[FA16:0]	0.4493	0.4939
DAG[FA20:0]	0.0968	0.1024
MAG[FA18:0]	0.8222	2.0672
LPC	89.749	99.2492
MAG	2.4129	4.0369
DAG(14:0/20:4)	0.057	0.0234
TAG54:5FA18:3	7.1097	4.6254
LPC(18:0)	20.5638	22.9182
MAG(18:0)	0.8222	2.0672
LPC(16:0)	47.7494	57.1451
DAG(14:0/20:0)	0.0968	0.1024
LPE(16:0)	0.4493	0.4939
