	ST.00010415_t1	ST.00010415_t2
DAS28	1.63195	2.77995
LPC[FA16:0]	59.6809	79.7608
LPC[FA18:0]	19.2506	24.4517
LPE[FA16:0]	0.759	0.71
DCER[FA20:0]	0.0359	0.0573
DAG[FA20:0]	0.0539	0.145
MAG[FA18:0]	0.7832	1.7055
