	ST.00062958_t1	ST.00062958_t2
DAS28	1.61795	1.57595
LPC[FA16:0]	50.1847	74.2326
LPC[FA18:0]	17.7616	29.8744
LPE[FA16:0]	0.5589	0.6314
LPC[FA15:0]	0.05045	0.05045
DAG[FA20:0]	0.1152	0.0472
MAG[FA18:0]	0.7003	1.0831
