	ST.00075023_t1	ST.00075023_t2
DAS28	4.16226	4.24992
LPC[FA16:0]	76.4742	93.3345
LPC[FA18:0]	22.5126	24.9315
LPE[FA16:0]	0.9142	1.2072
DAG[FA20:0]	0.1761	0.1623
MAG[FA18:0]	0.8647	0.8282
