	ST.00128432_t1	ST.00128432_t2
DAS28	1.56195	1.47795
LPC[FA16:0]	102.6545	89.7612
LPC[FA18:0]	42.1925	39.9693
LPE[FA16:0]	1.0501	1.0546
CER[FA24:0]	2.9067	2.879
DAG[FA20:0]	0.0538	0.085
MAG[FA18:0]	0.6155	1.598
