	ST.00177454_t1	ST.00177454_t2
DAS28	4.82866	2.86797
LPC[FA16:0]	43.3314	45.5572
CE[FA14:1]	0.3268	0.3474
LPC[FA18:0]	12.2883	14.5116
LPE[FA16:0]	0.6347	0.4992
DCER[FA16:0]	0.0848	0.1197
CER[FA24:0]	1.7364	2.292
DAG[FA20:0]	0.0912	0.0773
MAG[FA18:0]	0.6157	1.6863
