	ST.00242187_t1	ST.00242187_t2
DAS28	5.25838	3.78535
LPC[FA16:0]	77.3903	69.5615
DCER[FA22:0]	0.0988	0.1891
LPC[FA18:0]	34.4687	37.048
LPE[FA16:0]	0.9227	0.6988
DAG[FA20:0]	0.147	0.1
MAG[FA18:0]	0.777	1.9234
