	ST.00286016_t1	ST.00286016_t2
DAS28	1.98407	2.34396
LPC[FA16:0]	64.3631	59.8157
LPC[FA18:0]	25.5283	27.1391
LPE[FA16:0]	0.7519	0.7157
DAG[FA20:0]	0.126	0.1011
MAG[FA18:0]	0.8778	1.2349
