	ST.00286572_t1	ST.00286572_t2
DAS28	3.08191	2.48581
LPC[FA16:0]	101.521	82.321
LPC[FA18:0]	38.2541	29.4593
LPE[FA16:0]	1.7124	1.4527
DAG[FA20:0]	0.1547	0.1618
MAG[FA18:0]	0.6421	0.6345
