	ST.00287578_t1	ST.00287578_t2
DAS28	1.51995	1.50595
LPC[FA16:0]	61.466	67.4956
LPC[FA18:0]	23.0337	24.4507
LPE[FA16:0]	0.8071	0.6828
LPC[FA15:0]	0.05045	0.05045
DAG[FA20:0]	0.1392	0.1393
MAG[FA18:0]	0.7645	1.5543
