	ST.00295414_t1	ST.00295414_t2
DAS28	1.56195	2.31795
LPC[FA16:0]	93.039	91.6837
LPC[FA18:0]	34.7244	29.8878
LPE[FA16:0]	1.1515	1.3123
DCER[FA16:0]	0.1289	0.118
DAG[FA20:0]	0.1519	0.1856
MAG[FA18:0]	0.6038	0.7026
