	ST.00319255_t1	ST.00319255_t2
DAS28	2.51825	2.44603
LPC[FA16:0]	70.1089	84.6074
CE[FA14:1]	2.4633	1.1648
LPC[FA18:0]	29.3375	29.3116
LPE[FA16:0]	0.8952	1.1055
DAG[FA20:0]	0.1379	0.095
MAG[FA18:0]	0.6272	1.456
