	ST.00010421_t1	ST.00010421_t2
DAS28	2.58632	1.49195
LPC[FA16:0]	89.4255	68.2228
LPC[FA18:0]	29.4389	21.9856
LPE[FA16:0]	1.1634	0.965
LPC[FA18:2]	14.3493	6.3223
LPC[FA20:2]	0.5504	0.2672
DAG[FA20:0]	0.263	0.0542
MAG[FA18:0]	0.6769	1.6249
