	ST.00320227_t1	ST.00320227_t2
DAS28	3.91157	3.75613
LPC[FA16:0]	89.3838	91.1652
LPC[FA18:0]	30.4446	30.0044
LPE[FA16:0]	1.3695	1.3955
DAG[FA20:0]	0.1784	0.1797
MAG[FA18:0]	0.7542	0.7295
