	ST.00339988_t1	ST.00339988_t2
DAS28	3.99752	2.30538
LPC[FA16:0]	90.7249	95.8572
LPC[FA18:0]	25.2925	25.2235
LPE[FA16:0]	1.0837	0.96
DAG[FA20:0]	0.16	0.227
MAG[FA18:0]	0.7029	2.229
