	ST.00360236_t1	ST.00360236_t2
DAS28	3.85795	2.17795
LPC[FA16:0]	68.4929	98.8603
LPC[FA18:0]	28.7109	39.3074
LPE[FA16:0]	0.8307	1.0101
DCER[FA16:0]	0.0842	0.1201
DAG[FA20:0]	0.2444	0.1196
MAG[FA18:0]	0.7578	1.8568
