	ST.00418342_t1	ST.00418342_t2
DAS28	3.43912	3.01191
LPC[FA16:0]	59.7645	67.7235
LPC[FA18:0]	26.6665	27.9771
LPE[FA16:0]	0.4411	0.6681
DAG[FA20:0]	0.0931	0.0846
MAG[FA18:0]	0.6558	0.7346
