	ST.00423444_t1	ST.00423444_t2
DAS28	5.37692	5.46738
LPC[FA16:0]	48.9413	51.2685
CE[FA14:1]	0.6632	0.4933
LPC[FA18:0]	17.2929	19.4634
LPE[FA16:0]	0.8294	0.8889
DCER[FA16:0]	0.0901	0.0641
CER[FA24:0]	1.5598	1.1199
DAG[FA20:0]	0.1409	0.0852
MAG[FA18:0]	0.7726	0.7711
