	ST.00466055_t1	ST.00466055_t2
DAS28	4.01303	6.09333
LPC[FA16:0]	69.9041	71.4845
LPC[FA18:0]	25.9199	27.7308
LPE[FA16:0]	1.154	1.0056
LPC[FA15:0]	0.1806	0.2367
HCER[FA20:0]	0.1005	0.1269
DCER[FA20:0]	0.0508	0.0638
LPC[FA20:2]	0.2607	0.4804
DAG[FA20:0]	0.2578	0.1794
MAG[FA18:0]	0.5801	0.56
