	ST.00505289_t1	ST.00505289_t2
DAS28	3.09699	3.06232
LPC[FA16:0]	52.911	78.4937
LPC[FA18:0]	16.58	24.5946
LPE[FA16:0]	0.5315	0.7757
DAG[FA20:0]	0.0627	0.149
MAG[FA18:0]	0.7394	1.5037
