	ST.00525539_t1	ST.00525539_t2
DAS28	1.77195	2.06595
LPC[FA16:0]	71.9439	80.0085
LPC[FA18:0]	24.8961	25.5061
LPE[FA16:0]	1.1589	1.1466
DAG[FA20:0]	0.1026	0.1449
MAG[FA18:0]	0.7543	0.8148
