	ST.00531850_t1	ST.00531850_t2
DAS28	2.04747	2.24335
LPC[FA16:0]	72.0528	71.9664
LPC[FA18:0]	25.8436	26.6348
LPE[FA16:0]	0.7845	0.8196
DAG[FA20:0]	0.1991	0.1615
MAG[FA18:0]	0.6604	1.7051
