	ST.00011458_t1	ST.00011458_t2
DAS28	1.78595	2.03795
LPC[FA16:0]	76.8461	75.9949
LPC[FA18:0]	32.6842	36.1521
LPE[FA16:0]	0.9676	0.959
DAG[FA20:0]	0.1803	0.0786
MAG[FA18:0]	0.7637	1.4128
