	ST.00597582_t1	ST.00597582_t2
DAS28	1.44995	1.47795
LPC[FA16:0]	89.9089	59.6152
CE[FA14:1]	1.708	1.8024
LPC[FA18:0]	37.095	22.3433
LPE[FA16:0]	1.3758	0.6562
DAG[FA20:0]	0.136	0.1953
MAG[FA18:0]	0.7253	0.7608
