	ST.00606222_t1	ST.00606222_t2
DAS28	3.03195	3.37591
LPC[FA16:0]	53.4982	59.569
LPC[FA18:0]	21.7836	24.0303
LPE[FA16:0]	0.5041	0.48
DAG[FA20:0]	0.0385	0.068
MAG[FA18:0]	0.6318	0.6778
