	ST.00611296_t1	ST.00611296_t2
DAS28	2.3806	1.60057
LPC[FA16:0]	61.5932	72.5371
LPC[FA18:0]	21.9989	25.9643
LPE[FA16:0]	0.7317	0.8312
DAG[FA20:0]	0.01925	0.01925
MAG[FA18:0]	0.7672	0.7827
