	ST.00616972_t1	ST.00616972_t2
DAS28	2.85895	3.21367
LPC[FA16:0]	88.2359	77.2035
LPC[FA18:0]	29.4987	22.8487
LPE[FA16:0]	1.0296	1.0594
DAG[FA20:0]	0.2008	0.2458
MAG[FA18:0]	0.7665	0.7266
