	ST.00622319_t1	ST.00622319_t2
DAS28	1.84195	1.81395
LPC[FA16:0]	60.6838	61.1615
CE[FA14:1]	1.2833	1.7155
LPC[FA18:0]	22.2448	22.2112
LPE[FA16:0]	0.6473	0.6517
DAG[FA20:0]	0.1285	0.1433
MAG[FA18:0]	0.7295	1.375
