	ST.00624870_t1	ST.00624870_t2
DAS28	1.56195	1.63195
LPC[FA16:0]	86.6075	71.6003
LPC[FA18:0]	28.3369	23.6974
LPE[FA16:0]	1.0714	0.8153
DAG[FA20:0]	0.1615	0.1505
MAG[FA18:0]	1.4692	1.75
