	ST.00630737_t1	ST.00630737_t2
DAS28	2.35995	4.66454
HCER[FA18:0]	0.0634	0.1132
LPC[FA16:0]	65.0774	65.485
LPC[FA18:0]	22.6489	16.2295
LPE[FA16:0]	0.6791	1.0556
HCER[FA20:0]	0.0881	0.1409
LPC[FA20:2]	0.49	0.5583
CER[FA24:0]	1.8785	1.7324
DAG[FA20:0]	0.0863	0.2707
MAG[FA18:0]	0.6932	0.676
