	ST.00631493_t1	ST.00631493_t2
DAS28	3.75212	4.08194
LPC[FA16:0]	88.272	66.9088
LPC[FA18:0]	37.7011	28.2788
LPE[FA16:0]	0.8334	0.8936
DAG[FA20:0]	0.1752	0.0958
MAG[FA18:0]	0.7999	0.7992
