	ST.00044073_t1	ST.00044073_t2
DAS28	3.03363	4.0719
LPC[FA16:0]	67.4255	50.9611
CE[FA14:1]	0.5669	0.4026
LPC[FA18:0]	25.5706	16.6403
LPE[FA16:0]	1.0358	0.8346
CER[FA24:0]	2.0965	1.0926
DAG[FA20:0]	0.01925	0.01925
MAG[FA18:0]	0.4863	1.3532
