	ST.00634998_t1	ST.00634998_t2
DAS28	3.03167	4.29387
LPC[FA16:0]	60.5329	64.7047
LPC[FA18:0]	15.649	21.8738
LPE[FA16:0]	0.6085	0.5244
DAG[FA20:0]	0.0534	0.1049
MAG[FA18:0]	0.7046	0.6278
