	ST.00641613_t1	ST.00641613_t2
DAS28	3.19995	1.44995
LPC[FA16:0]	65.4784	82.2309
LPC[FA18:0]	29.0536	35.1124
DAG[FA20:0]	0.1621	0.1425
MAG[FA18:0]	0.8091	1.3919
