	ST.00648002_t1	ST.00648002_t2
DAS28	1.71595	1.58995
LPC[FA16:0]	80.6179	58.1015
LPC[FA18:0]	28.7201	23.2446
LPE[FA16:0]	0.8247	0.6837
DAG[FA20:0]	0.01925	0.01925
MAG[FA18:0]	0.6421	1.3481
