	ST.00651926_t1	ST.00651926_t2
DAS28	4.64151	1.89795
LPC[FA16:0]	43.6544	51.3849
CE[FA14:1]	0.8453	1.3026
LPC[FA18:0]	19.5876	19.5232
LPE[FA16:0]	0.4814	0.5325
LCER[FA20:1]	0.0315	0.0473
CER[FA24:0]	1.5629	1.9156
DAG[FA20:0]	0.0977	0.1245
MAG[FA18:0]	0.6974	1.3799
