	ST.00653378_t1	ST.00653378_t2
DAS28	3.94349	3.52084
LPC[FA16:0]	43.5002	66.991
LPC[FA18:0]	12.4786	14.3601
LPE[FA16:0]	0.7104	1.4468
DAG[FA20:0]	0.1019	0.2321
MAG[FA18:0]	0.573	0.6241
