	ST.00656708_t1	ST.00656708_t2
DAS28	3.64795	4.15565
LPC[FA16:0]	71.6516	68.6093
LPC[FA18:0]	27.7291	25.6709
LPE[FA16:0]	0.8091	0.8578
DAG[FA20:0]	0.118	0.2113
MAG[FA18:0]	0.7682	0.7693
