	ST.00659767_t1	ST.00659767_t2
DAS28	4.05367	5.01995
LPC[FA16:0]	78.9842	79.6724
CE[FA14:1]	0.8282	0.7313
LPC[FA18:0]	29.5884	30.3104
LPE[FA16:0]	0.8348	0.7249
DAG[FA20:0]	0.1628	0.125
MAG[FA18:0]	0.7156	2.1984
