	ST.00660767_t1	ST.00660767_t2
DAS28	3.66593	2.74193
LPC[FA16:0]	78.9294	99.5791
LPC[FA18:0]	29.3069	39.6186
LPE[FA16:0]	1.094	1.5329
DAG[FA20:0]	0.0563	0.1593
MAG[FA18:0]	0.6573	1.6014
