	ST.00685031_t1	ST.00685031_t2
DAS28	3.72972	2.60693
LPC[FA16:0]	53.263	66.0995
LPC[FA18:0]	19.4681	28.3206
LPE[FA16:0]	0.4361	0.542
DAG[FA20:0]	0.0665	0.0419
MAG[FA18:0]	0.7436	1.3518
