	ST.00044885_t1	ST.00044885_t2
DAS28	1.70967	2.23112
LPC[FA16:0]	56.1337	50.5793
LPC[FA18:0]	20.9156	21.619
LPE[FA16:0]	0.7729	0.4909
DAG[FA20:0]	0.1932	0.131
MAG[FA18:0]	0.5534	0.5126
