	ST.00705243_t1	ST.00705243_t2
DAS28	2.33385	1.56195
LPC[FA16:0]	58.4597	68.4275
LPC[FA18:0]	15.7488	19.531
LPE[FA16:0]	0.6373	0.7276
DAG[FA20:0]	0.01925	0.01925
MAG[FA18:0]	0.8406	1.2198
