	ST.00705245_t1	ST.00705245_t2
DAS28	7.00031	5.71524
HCER[FA18:0]	0.0842	0.0796
LPC[FA16:0]	58.7882	64.1331
LPC[FA18:0]	24.252	27.8364
LPE[FA16:0]	0.5671	0.7701
HCER[FA20:0]	0.1035	0.1015
DAG[FA20:0]	0.0836	0.0937
MAG[FA18:0]	1.3945	1.5698
