	ST.00708220_t1	ST.00708220_t2
DAS28	1.47795	1.77195
LPC[FA16:0]	44.2813	55.1032
LPC[FA18:0]	15.2465	25.1687
LPE[FA16:0]	0.551	0.4284
LPC[FA15:0]	0.05045	0.05045
DAG[FA20:0]	0.0502	0.0912
MAG[FA18:0]	0.6638	1.5742
