	ST.00718962_t1	ST.00718962_t2
DAS28	4.96479	4.96276
LPC[FA16:0]	87.9506	85.6341
LPC[FA18:0]	33.9321	32.3157
LPE[FA16:0]	0.841	0.9633
LPC[FA15:0]	0.2262	0.3591
LPC[FA18:1]	14.1475	17.8889
DAG[FA20:0]	0.1921	0.1993
MAG[FA18:0]	1.4683	1.3237
