	ST.00723045_t1	ST.00723045_t2
DAS28	1.50107	1.20703
LPC[FA16:0]	75.4535	81.0864
LPC[FA18:0]	29.6183	28.6226
LPE[FA16:0]	0.8589	0.8897
DAG[FA20:0]	0.118	0.0449
MAG[FA18:0]	1.4017	1.4762
