	ST.00731125_t1	ST.00731125_t2
DAS28	2.12837	3.20917
LPC[FA16:0]	101.4163	82.1083
LPC[FA18:0]	36.1988	32.6064
LPE[FA16:0]	1.1126	0.6829
DCER[FA16:0]	0.1654	0.1266
DAG[FA20:0]	0.2862	0.2964
MAG[FA18:0]	1.691	1.4977
