	ST.00045433_t1	ST.00045433_t2
DAS28	3.22503	3.78125
LPC[FA16:0]	55.7502	82.2694
LPC[FA18:0]	23.2088	33.8754
LPE[FA16:0]	0.6292	0.9761
DAG[FA20:0]	0.0858	0.1333
MAG[FA18:0]	0.671	0.7031
