	ST.00731336_t1	ST.00731336_t2
DAS28	6.15442	6.60116
LPC[FA20:1]	0.4958	0.4525
LPC[FA16:0]	75.6832	58.4886
LPC[FA18:0]	26.1392	19.2213
LPE[FA16:0]	0.904	0.8638
DCER[FA20:0]	0.0624	0.0976
DAG[FA20:0]	0.1829	0.0734
MAG[FA18:0]	1.3383	1.2867
