	ST.00731705_t1	ST.00731705_t2
DAS28	3.01795	3.40995
LPC[FA16:0]	79.5223	58.1151
LPC[FA18:0]	29.4881	23.9746
LPE[FA16:0]	0.9608	0.7868
DAG[FA20:0]	0.1812	0.1216
MAG[FA18:0]	1.9236	1.5528
