	ST.00732959_t1	ST.00732959_t2
DAS28	2.58067	1.56195
LPC[FA16:0]	83.5274	115.3715
LPC[FA18:0]	26.7891	38.9899
CER[FA24:0]	1.5902	2.5415
DAG[FA20:0]	0.1468	0.1654
MAG[FA18:0]	1.8486	1.8868
