	ST.00739471_t1	ST.00739471_t2
DAS28	1.67395	2.45448
LPC[FA16:0]	110.0966	64.5735
CE[FA14:1]	3.5173	2.1442
LPC[FA18:0]	27.7151	16.9806
LPE[FA16:0]	1.4957	0.62
CER[FA24:0]	2.3734	1.9211
DAG[FA20:0]	0.1623	0.1135
MAG[FA18:0]	1.5566	1.4659
