	ST.00057286_t1	ST.00057286_t2
DAS28	2.07995	1.60395
LPC[FA16:0]	53.865	61.532
LPC[FA18:0]	19.4769	21.6292
LPE[FA16:0]	0.5911	0.682
DAG[FA20:0]	0.0617	0.0765
MAG[FA18:0]	0.5789	1.7338
