	ST.00060623_t1	ST.00060623_t2
DAS28	2.03498	2.02237
LPC[FA16:0]	60.0236	72.4946
LPC[FA18:0]	17.6738	24.0571
LPE[FA16:0]	0.7108	0.7925
DAG[FA20:0]	0.0713	0.0772
MAG[FA18:0]	0.7304	0.6977
