	ST-00058750	ST-00079522	ST-00287851	ST-00290771	ST-00329527	ST-00356509	ST-00435597	ST-00621700	ST-00637791	ST-00717157	ST-00717455	ST-00732623
DAS28	1.74395	1.56195	3.35488	1.86335	3.12251	1.73138	2.12195	5.86979	2.4339	1.60503	1.47795	1.6786
LPC[FA16:0]	76.2827	58.4556	32.6311	82.56	59.8489	61.8606	58.4999	69.6008	89.0278	60.9772	58.8923	84.4622
LPE[FA16:0]	0.9178	0.6346	0.3414	1.0377	1.5582	0.8044	0.4852	0.8656	0.996	0.7212	0.6536	1.2570000000000001
LPC[FA18:0]	29.6596	27.6435	12.2877	30.3175	23.4085	27.2984	24.8097	23.5463	39.1935	20.5051	26.2587	21.0224
DAG[FA20:0]	0.021	0.1881	0.0457	0.0608	0.1231	0.0963	0.042	0.2472	0.2657	0.0653	0.0952	0.1948
MAG[FA18:0]	0.7656	0.8184	1.5709	2.4988	0.7164	0.8077	2.6626	0.5918	0.6078	0.5265	0.6644	1.7102
