	ST.00286016_t1	ST.00286016_t2
DAS28	1.98407	2.34396
DAG(14:0/20:4)	0.034	0.0247
TAG52:1FA20:0	0.3188	0.3196
TAG54:5FA18:3	5.4851	4.3505
TAG52:6FA16:1	0.7035	0.5905
TAG54:0FA16:0	0.1695	0.2742
LPC(18:0)	25.5283	27.1391
PC(18:2/20:2)	0.15905	0.15905
MAG(18:0)	0.8778	1.2349
LPC(16:0)	64.3631	59.8157
DAG(14:0/20:0)	0.0768	0.0591
PC(18:0/20:3)	24.0114	23.7477
TAG52:6FA18:3	1.0461	0.9178
LPE(16:0)	0.7519	0.7157
