	ST.00606222_t1	ST.00606222_t2
DAS28	3.03195	3.37591
TAG52:0FA20:0	0.0663	0.0968
DAG(14:0/20:4)	0.0128	0.0193
TAG52:1FA20:0	0.0543	0.0735
TAG54:5FA18:3	5.0904	6.7681
TAG54:0FA16:0	0.1421	0.051
PC(16:0/14:0)	0.4818	0.81
LPC(18:0)	21.7836	24.0303
PC(18:2/20:2)	0.3748	0.6776
MAG(18:0)	0.6318	0.6778
LPC(16:0)	53.4982	59.569
DAG(14:0/20:0)	0.0385	0.0475
PC(18:0/20:3)	10.9077	17.0904
TAG52:6FA18:3	1.272	1.9432
LPE(16:0)	0.5041	0.48
