	ST.00622319_t1	ST.00622319_t2
DAS28	1.84195	1.81395
DAG(14:0/20:4)	0.0097	0.0209
TAG54:5FA18:3	4.6494	5.2444
TAG52:6FA16:1	0.9123	1.0479
TAG54:0FA16:0	0.0775	0.0863
CE(14:1)	1.2833	1.7155
LPC(18:0)	22.2448	22.2112
MAG(18:0)	0.7295	1.375
LPC(16:0)	60.6838	61.1615
DAG(14:0/20:0)	0.0713	0.0727
PC(18:0/20:3)	23.6699	26.8694
TAG52:6FA18:3	1.489	1.6286
LPE(16:0)	0.6473	0.6517
