	ST.00624870_t1	ST.00624870_t2
DAS28	1.56195	1.63195
DAG(14:0/20:4)	0.0232	0.0233
TAG54:5FA18:3	2.0876	2.0685
TAG52:6FA18:2	0.4241	0.4793
TAG52:6FA16:1	0.3571	0.3854
TAG54:0FA16:0	0.107	0.1066
PC(16:0/14:0)	3.5234	2.4007
LPC(18:0)	28.3369	23.6974
TAG54:6FA18:1	1.9452	2.0063
PC(18:2/20:2)	0.4659	0.4391
MAG(18:0)	1.4692	1.75
LPC(16:0)	86.6075	71.6003
DAG(14:0/20:0)	0.0887	0.0807
TAG52:6FA18:3	0.4895	0.5597
LPE(16:0)	1.0714	0.8153
TAG52:5FA18:1	0.8148	0.9035
