	ST.00631493_t1	ST.00631493_t2
DAS28	3.75212	4.08194
TAG52:0FA20:0	0.2928	0.1468
DAG(14:0/20:4)	0.0293	0.0194
TAG52:1FA20:0	0.2347	0.1269
TAG54:5FA18:3	10.7709	3.3519
TAG54:0FA16:0	0.1093	0.0865
LPC(18:0)	37.7011	28.2788
MAG(18:0)	0.7999	0.7992
LPC(16:0)	88.272	66.9088
DAG(14:0/20:0)	0.0943	0.0958
PC(18:0/20:3)	23.646	20.1734
TAG52:6FA18:3	2.9341	1.1541
LPE(16:0)	0.8334	0.8936
