	ST.00648002_t1	ST.00648002_t2
DAS28	1.71595	1.58995
DAG(14:0/20:4)	0.0157	0.0106
TAG54:5FA18:3	2.4109	3.9103
TAG52:6FA18:2	0.4422	0.6387
TAG52:6FA16:1	0.359	0.395
TAG54:0FA16:0	0.127	0.0793
LPC(18:0)	28.7201	23.2446
TAG54:6FA18:1	2.16	3.4575
MAG(18:0)	0.6421	1.3481
LPC(16:0)	80.6179	58.1015
DAG(14:0/20:0)	0.019	0.019
TAG52:6FA18:3	0.4713	0.5625
LPE(16:0)	0.8247	0.6837
TAG52:5FA18:1	0.9672	1.0183
