	ST.00685031_t1	ST.00685031_t2
DAS28	3.72972	2.60693
DAG(14:0/20:4)	0.0285	0.0175
TAG50:5FA16:1	0.4721	0.1842
TAG54:5FA18:3	10.3441	5.2429
TAG52:6FA18:2	2.0854	1.188
TAG52:6FA16:1	1.6694	0.8733
TAG54:0FA16:0	0.0996	0.0548
PC(16:0/14:0)	0.9645	1.0864
LPC(18:0)	19.4681	28.3206
MAG(18:0)	0.7436	1.3518
LPC(16:0)	53.263	66.0995
DAG(14:0/20:0)	0.0665	0.0419
TAG52:6FA18:3	2.2912	1.1817
LPE(16:0)	0.4361	0.542
TAG52:5FA18:1	4.6032	2.1208
