	ST.00044885_t1	ST.00044885_t2
DAS28	1.70967	2.23112
DAG(14:0/20:4)	0.0242	0.0177
TAG52:1FA20:0	0.2623	0.1286
TAG54:5FA18:3	5.966	4.8837
TAG52:6FA16:1	0.882	1.0289
TAG54:0FA16:0	0.2375	0.107
PC(16:0/14:0)	2.9377	1.1652
LPC(18:0)	20.9156	21.619
PC(18:2/20:2)	0.15905	0.15905
MAG(18:0)	0.5534	0.5126
LPC(16:0)	56.1337	50.5793
DAG(14:0/20:0)	0.1089	0.131
TAG52:6FA18:3	1.5014	1.4302
LPE(16:0)	0.7729	0.4909
