	ST.00709819_t1	ST.00709819_t2
DAS28	1.95338	2.0925
DAG(14:0/20:4)	0.00465	0.00465
TAG54:5FA18:3	7.7364	6.929
TAG54:0FA16:0	0.0664	0.0939
LPC(18:0)	25.6224	33.0304
MAG(18:0)	0.8434	1.6048
LPC(16:0)	63.8996	82.7373
DAG(14:0/20:0)	0.0908	0.0658
PC(18:0/20:3)	35.849	31.9506
TAG52:6FA18:3	2.0584	1.7122
LPE(16:0)	0.5458	0.6634
