	ST.00731336_t1	ST.00731336_t2
DAS28	6.15442	6.60116
TAG52:0FA20:0	0.2987	0.3488
DAG(14:0/20:4)	0.0225	0.0126
DCER(20:0)	0.0624	0.0976
TAG52:1FA20:0	0.3461	0.3751
TAG54:5FA18:3	4.6314	6.0107
LPC(20:1)	0.4958	0.4525
TAG54:0FA16:0	0.1106	0.0807
PC(16:0/14:0)	2.3942	1.1459
LPC(18:0)	26.1392	19.2213
MAG(18:0)	1.3383	1.2867
LPC(16:0)	75.6832	58.4886
DAG(14:0/20:0)	0.019	0.019
PC(18:0/20:3)	27.2453	18.5072
LPE(16:0)	0.904	0.8638
PE(18:1/20:4)	5.1395	5.8162
