	ST.00731705_t1	ST.00731705_t2
DAS28	3.01795	3.40995
TAG52:0FA20:0	0.4312	0.1428
DAG(14:0/20:4)	0.0426	0.0155
TAG52:1FA20:0	0.4356	0.16
TAG54:5FA18:3	7.8764	5.2514
TAG54:0FA16:0	0.2818	0.079
PC(16:0/14:0)	1.2323	0.7685
LPC(18:0)	29.4881	23.9746
MAG(18:0)	1.9236	1.5528
LPC(16:0)	79.5223	58.1151
DAG(14:0/20:0)	0.1066	0.0702
PC(18:0/20:3)	21.9245	13.3455
TAG52:6FA18:3	1.9294	1.4412
LPE(16:0)	0.9608	0.7868
