	ST.00732959_t1	ST.00732959_t2
DAS28	2.58067	1.56195
TAG52:0FA20:0	0.4609	1.111
DAG(14:0/20:4)	0.0552	0.1157
TAG52:1FA20:0	0.3845	0.5936
TAG54:5FA18:3	9.6075	14.1237
TAG51:4FA20:4	0.1671	0.6214
CER(24:0)	1.5902	2.5415
DAG(16:0/20:4)	0.4476	0.8799
TAG54:0FA16:0	0.4291	0.754
PC(16:0/14:0)	1.8409	3.2256
LPC(18:0)	26.7891	38.9899
MAG(18:0)	1.8486	1.8868
PI(16:0/18:1)	1.3517	3.4139
LPC(16:0)	83.5274	115.3715
DAG(14:0/20:0)	0.0787	0.0928
PC(18:0/20:3)	21.7813	27.8436
