	ST.00010415_t1	ST.00010415_t2
DAS28	1.63195	2.77995
TAG52:0FA20:0	0.4495	0.3196
DAG(14:0/20:4)	0.0485	0.0156
DCER(20:0)	0.0359	0.0573
TAG52:1FA20:0	0.2772	0.203
TAG54:5FA18:3	9.878	8.0043
TAG54:0FA16:0	0.416	0.2185
PC(16:0/14:0)	1.4069	1.2208
LPC(18:0)	19.2506	24.4517
MAG(18:0)	0.7832	1.7055
LPC(16:0)	59.6809	79.7608
DAG(14:0/20:0)	0.0539	0.0656
TAG52:6FA18:3	2.6099	2.8319
LPE(16:0)	0.759	0.71
