	ST.00062958_t1	ST.00062958_t2
DAS28	1.61795	1.57595
DAG(14:0/20:4)	0.018	0.0186
LPC(15:0)	0.05045	0.05045
TAG54:5FA18:3	11.0626	10.1755
TAG54:0FA16:0	0.082	0.0994
LPC(18:0)	17.7616	29.8744
MAG(18:0)	0.7003	1.0831
LPC(16:0)	50.1847	74.2326
DAG(14:0/20:0)	0.019	0.019
PC(18:0/20:3)	13.6515	24.3453
LPE(16:0)	0.5589	0.6314
