	ST.00075023_t1	ST.00075023_t2
DAS28	4.16226	4.24992
TAG52:0FA20:0	0.3099	0.3408
DAG(14:0/20:4)	0.0831	0.0331
TAG52:1FA20:0	0.2916	0.323
TAG54:5FA18:3	8.9938	9.0107
TAG52:6FA16:1	2.077	2.3706
TAG54:0FA16:0	0.1774	0.2395
LPC(18:0)	22.5126	24.9315
MAG(18:0)	0.8647	0.8282
LPC(16:0)	76.4742	93.3345
DAG(14:0/20:0)	0.0875	0.0706
PC(18:0/20:3)	17.8648	18.1352
TAG52:6FA18:3	2.9404	2.9291
LPE(16:0)	0.9142	1.2072
