	ST.00177454_t1	ST.00177454_t2
DAS28	4.82866	2.86797
TAG52:0FA20:0	0.1805	0.0953
DAG(14:0/20:4)	0.023	0.0137
PC(17:0/18:1)	0.9486	1.2796
TAG52:1FA20:0	0.1508	0.0858
TAG54:5FA18:3	3.1211	2.8442
CER(24:0)	1.7364	2.292
TAG54:0FA16:0	0.0926	0.0284
CE(14:1)	0.3268	0.3474
DCER(16:0)	0.0848	0.1197
PC(16:0/14:0)	1.0617	1.1173
LPC(18:0)	12.2883	14.5116
MAG(18:0)	0.6157	1.6863
LPC(16:0)	43.3314	45.5572
DAG(14:0/20:0)	0.0912	0.0773
PC(18:0/20:3)	12.1757	17.722
LPE(16:0)	0.6347	0.4992
