	ST.00319255_t1	ST.00319255_t2
DAS28	2.51825	2.44603
TAG52:0FA20:0	0.5644	0.2009
DAG(14:0/20:4)	0.0447	0.0149
TAG52:1FA20:0	0.5894	0.2581
TAG54:5FA18:3	9.9374	15.6072
TAG54:0FA16:0	0.1957	0.0707
CE(14:1)	2.4633	1.1648
PC(16:0/14:0)	3.4227	2.1668
PE(16:0/20:3)	0.4907	0.7155
LPC(18:0)	29.3375	29.3116
MAG(18:0)	0.6272	1.456
LPC(16:0)	70.1089	84.6074
DAG(14:0/20:0)	0.0886	0.0539
PC(18:0/20:3)	28.6603	27.7019
LPE(16:0)	0.8952	1.1055
