	ST.00531850_t1	ST.00531850_t2
DAS28	2.04747	2.24335
DAG(14:0/20:4)	0.0273	0.0241
TAG52:1FA20:0	0.3835	0.3847
TAG54:5FA18:3	6.7745	7.2153
TAG54:0FA16:0	0.148	0.1514
PC(16:0/14:0)	1.949	1.8616
LPC(18:0)	25.8436	26.6348
MAG(18:0)	0.6604	1.7051
LPC(16:0)	72.0528	71.9664
DAG(14:0/20:0)	0.0896	0.0829
PC(18:0/20:3)	18.4794	19.1659
TAG52:6FA18:3	1.331	1.5259
LPE(16:0)	0.7845	0.8196
