	ST.00630737_t1	ST.00630737_t2
DAS28	2.35995	4.66454
DAG(14:0/20:4)	0.0134	0.0633
HCER(18:0)	0.0634	0.1132
TAG50:5FA16:1	0.2234	0.3332
TAG54:5FA18:3	4.0099	3.3045
CER(24:0)	1.8785	1.7324
TAG54:0FA16:0	0.0783	0.191
LPC(18:0)	22.6489	16.2295
PC(18:2/20:2)	0.672	0.9157
MAG(18:0)	0.6932	0.676
LPC(20:2)	0.49	0.5583
HCER(20:0)	0.0881	0.1409
LPC(16:0)	65.0774	65.485
DAG(14:0/20:0)	0.038	0.1621
PC(18:0/20:3)	22.4631	21.393
TAG52:6FA18:3	0.986	0.7995
LPE(16:0)	0.6791	1.0556
