	ST.00634998_t1	ST.00634998_t2
DAS28	3.03167	4.29387
TAG52:0FA20:0	0.2827	0.1659
DAG(14:0/20:4)	0.0218	0.018
TAG52:1FA20:0	0.2004	0.127
TAG54:5FA18:3	8.0653	4.874
TAG54:0FA16:0	0.1363	0.1015
PC(16:0/14:0)	1.1197	0.8394
LPC(18:0)	15.649	21.8738
MAG(18:0)	0.7046	0.6278
LPC(16:0)	60.5329	64.7047
DAG(14:0/20:0)	0.0534	0.0537
PC(18:0/20:3)	11.6704	15.1363
TAG52:6FA18:3	2.2537	1.6874
LPE(16:0)	0.6085	0.5244
