	ST.00641613_t1	ST.00641613_t2
DAS28	3.19995	1.44995
TAG52:0FA20:0	0.3294	0.3687
DAG(14:0/20:4)	0.0533	0.0346
PC(17:0/18:1)	1.696	2.0472
TAG52:1FA20:0	0.407	0.4347
TAG54:5FA18:3	7.2189	14.2696
TAG54:0FA16:0	0.1722	0.217
PE(16:0/20:3)	0.4405	0.53
LPC(18:0)	29.0536	35.1124
MAG(18:0)	0.8091	1.3919
LPC(16:0)	65.4784	82.2309
DAG(14:0/20:0)	0.1112	0.0814
PC(18:0/20:3)	24.7844	32.2788
