	ST.00723045_t1	ST.00723045_t2
DAS28	1.50107	1.20703
DAG(14:0/20:4)	0.00465	0.00465
TAG54:5FA18:3	9.5679	6.2652
TAG52:6FA16:1	0.7924	0.7367
TAG54:0FA16:0	0.1455	0.0405
LPC(18:0)	29.6183	28.6226
MAG(18:0)	1.4017	1.4762
LPC(16:0)	75.4535	81.0864
DAG(14:0/20:0)	0.0617	0.0449
TAG52:6FA18:3	1.9384	1.4749
LPE(16:0)	0.8589	0.8897
TAG52:5FA18:1	1.551	1.2827
