	ST.00287578_t1	ST.00287578_t2
DAS28	1.51995	1.50595
DAG(14:0/20:4)	0.00465	0.00465
LPC(15:0)	0.05045	0.05045
TAG54:5FA18:3	3.7656	7.5302
TAG52:6FA18:2	0.6251	1.809
TAG52:6FA16:1	0.4447	1.4569
TAG54:0FA16:0	0.1128	0.0547
LPC(18:0)	23.0337	24.4507
MAG(18:0)	0.7645	1.5543
LPC(16:0)	61.466	67.4956
DAG(14:0/20:0)	0.0629	0.0579
TAG52:6FA18:3	0.5612	1.9421
LPE(16:0)	0.8071	0.6828
