	ST.00320227_t1	ST.00320227_t2
DAS28	3.91157	3.75613
DAG(14:0/20:4)	0.1614	0.1042
TAG50:5FA16:1	0.934	0.3381
TAG54:5FA18:3	16.2066	8.9674
TAG52:6FA18:2	3.3872	2.0917
TAG52:6FA16:1	2.7561	1.3628
TAG54:0FA16:0	0.5841	0.7505
LPC(18:0)	30.4446	30.0044
PC(18:2/20:2)	0.5682	0.5171
MAG(18:0)	0.7542	0.7295
TAG52:5FA18:3	28.7921	17.234
LPC(16:0)	89.3838	91.1652
DAG(14:0/20:0)	0.0627	0.1215
TAG52:6FA18:3	4.0546	2.2453
LPE(16:0)	1.3695	1.3955
TAG52:5FA18:1	6.7903	3.3003
