	ST.00466055_t1	ST.00466055_t2
DAS28	4.01303	6.09333
DAG(14:0/20:4)	0.0346	0.0601
DCER(20:0)	0.0508	0.0638
LPC(15:0)	0.1806	0.2367
TAG54:5FA18:3	7.1862	4.3807
TAG54:0FA16:0	0.1818	0.337
LPC(18:0)	25.9199	27.7308
MAG(18:0)	0.5801	0.56
LPC(20:2)	0.2607	0.4804
HCER(20:0)	0.1005	0.1269
LPC(16:0)	69.9041	71.4845
DAG(14:0/20:0)	0.1644	0.1794
LPE(16:0)	1.154	1.0056
