	ST.00057286_t1	ST.00057286_t2
DAS28	2.07995	1.60395
DAG(14:0/20:4)	0.0151	0.0187
TAG52:1FA20:0	0.1035	0.2592
TAG54:5FA18:3	8.7351	9.9884
TAG54:0FA16:0	0.0577	0.1475
LPC(18:0)	19.4769	21.6292
MAG(18:0)	0.5789	1.7338
LPC(16:0)	53.865	61.532
DAG(14:0/20:0)	0.0617	0.0765
TAG52:6FA18:3	1.3672	1.714
LPE(16:0)	0.5911	0.682
