	ST.00060623_t1	ST.00060623_t2
DAS28	2.03498	2.02237
DAG(14:0/20:4)	0.0093	0.0096
TAG52:1FA20:0	0.2199	0.1355
TAG54:5FA18:3	6.5447	8.4208
TAG54:0FA16:0	0.0559	0.0748
LPC(18:0)	17.6738	24.0571
MAG(18:0)	0.7304	0.6977
LPC(16:0)	60.0236	72.4946
DAG(14:0/20:0)	0.0381	0.0427
TAG52:6FA18:3	1.4397	1.3232
LPE(16:0)	0.7108	0.7925
